%YAML:1.0
orbit:
   -
      x: -1.3743031311035156e+02
      y: 4.8675158691406250e+02
      z: 1.1488872528076172e+02
   -
      x: -1.8683302307128906e+02
      y: 5.1052557373046875e+02
      z: 1.5203561401367188e+02
   -
      x: -2.0576928710937500e+02
      y: 5.1734423828125000e+02
      z: 1.5203561401367188e+02
   -
      x: -2.4018885803222656e+02
      y: 5.1866156005859375e+02
      z: 1.7060906982421875e+02
   -
      x: -3.0968850708007812e+02
      y: 5.4465228271484375e+02
      z: 2.2632937622070312e+02
   -
      x: -3.4576657104492188e+02
      y: 5.4716381835937500e+02
      z: 2.4490284729003906e+02
   -
      x: -4.5866543579101562e+02
      y: 5.9520770263671875e+02
      z: 3.3777008056640625e+02
   -
      x: -5.1267462158203125e+02
      y: 6.3525231933593750e+02
      z: 3.7491696166992188e+02
   -
      x: -5.5670666503906250e+02
      y: 6.7335186767578125e+02
      z: 4.1206384277343750e+02
   -
      x: -5.5480902099609375e+02
      y: 6.9539648437500000e+02
      z: 4.3063726806640625e+02
   -
      x: -5.5771173095703125e+02
      y: 7.2784173583984375e+02
      z: 4.6778414916992188e+02
   -
      x: -5.7549127197265625e+02
      y: 7.7445050048828125e+02
      z: 5.0493103027343750e+02
   -
      x: -6.4794134521484375e+02
      y: 8.6565667724609375e+02
      z: 5.9779833984375000e+02
   -
      x: -6.5223443603515625e+02
      y: 9.0365710449218750e+02
      z: 6.1637176513671875e+02
   -
      x: -5.8313519287109375e+02
      y: 9.3678515625000000e+02
      z: 6.1637176513671875e+02
   -
      x: -4.8533624267578125e+02
      y: 9.8714739990234375e+02
      z: 6.3494512939453125e+02
   -
      x: -4.6548574829101562e+02
      y: 1.0500910644531250e+03
      z: 6.5351855468750000e+02
   -
      x: -3.7531927490234375e+02
      y: 1.0658101806640625e+03
      z: 6.3494512939453125e+02
   -
      x: -2.9072518920898438e+02
      y: 1.0855751953125000e+03
      z: 6.1637176513671875e+02
   -
      x: -2.6461590576171875e+02
      y: 1.1068837890625000e+03
      z: 6.1637176513671875e+02
   -
      x: -2.0681776428222656e+02
      y: 1.1299666748046875e+03
      z: 6.1637176513671875e+02
   -
      x: -1.2778933715820312e+02
      y: 8.7994470214843750e+02
      z: 5.0493103027343750e+02
   -
      x: -1.2686824035644531e+02
      y: 8.4275372314453125e+02
      z: 4.8635763549804688e+02
   -
      x: -1.0481191253662109e+02
      y: 8.0370965576171875e+02
      z: 4.6778414916992188e+02
   -
      x: -7.8707679748535156e+01
      y: 7.4182208251953125e+02
      z: 4.4921072387695312e+02
   -
      x: -8.2345825195312500e+01
      y: 6.8998248291015625e+02
      z: 4.1206384277343750e+02
   -
      x: -8.5491119384765625e+01
      y: 6.5904101562500000e+02
      z: 3.9349038696289062e+02
   -
      x: -9.2952255249023438e+01
      y: 6.2854876708984375e+02
      z: 3.5634350585937500e+02
   -
      x: -1.0628327178955078e+02
      y: 6.1163281250000000e+02
      z: 3.1919662475585938e+02
   -
      x: -1.1026261138916016e+02
      y: 5.7832250976562500e+02
      z: 2.6347631835937500e+02
   -
      x: -9.4980079650878906e+01
      y: 5.4023596191406250e+02
      z: 2.0775596618652344e+02
   -
      x: -8.1454521179199219e+01
      y: 5.0349490356445312e+02
      z: 1.5203561401367188e+02
   -
      x: -7.9924102783203125e+01
      y: 4.8445385742187500e+02
      z: 1.1488872528076172e+02
   -
      x: -6.2837451934814453e+01
      y: 4.6391336059570312e+02
      z: 7.7741836547851562e+01
   -
      x: -5.7713077545166016e+01
      y: 4.5077587890625000e+02
      z: 5.9168399810791016e+01
