%YAML:1.0
orbit:
   -
      x: 1.8506407165527344e+02
      y: 4.4557229614257812e+02
      z: 6.1918664723634720e-02
   -
      x: 1.8700021362304688e+02
      y: 4.4968258666992188e+02
      z: 1.7519591748714447e-01
   -
      x: 1.8098832702636719e+02
      y: 4.7406460571289062e+02
      z: 4.3006998300552368e-01
   -
      x: 1.7062304687500000e+02
      y: 4.8745993041992188e+02
      z: 5.9998589754104614e-01
   -
      x: 1.5800209045410156e+02
      y: 4.9652984619140625e+02
      z: 7.6990193128585815e-01
   -
      x: 1.4004928588867188e+02
      y: 4.8925192260742188e+02
      z: 9.6813738346099854e-01
   -
      x: 1.2252976989746094e+02
      y: 4.8388967895507812e+02
      z: 1.1097340583801270e+00
   -
      x: 1.0020606231689453e+02
      y: 4.9081106567382812e+02
      z: 1.2796500921249390e+00
   -
      x: 5.4925369262695312e+01
      y: 4.8925888061523438e+02
      z: 1.5911628007888794e+00
   -
      x: 2.0444448471069336e+01
      y: 4.6737423706054688e+02
      z: 1.7893981933593750e+00
   -
      x: 8.9395217895507812e+01
      y: 4.9586578369140625e+02
      z: 1.4212467670440674e+00
   -
      x: -4.2090023040771484e+01
      y: 6.5593481445312500e+02
      z: 2.6956169605255127e+00
   -
      x: 1.3520915222167969e+02
      y: 5.6615692138671875e+02
      z: 8.2654070854187012e-01
   -
      x: 8.9868186950683594e+01
      y: 5.9632116699218750e+02
      z: 1.4212467670440674e+00
   -
      x: 9.3146011352539062e+01
      y: 5.7433508300781250e+02
      z: 1.3929272890090942e+00
   -
      x: 1.1840679168701172e+02
      y: 5.4350579833984375e+02
      z: 1.1946922540664673e+00
   -
      x: 1.3081526184082031e+02
      y: 4.9162539672851562e+02
      z: 1.1097340583801270e+00
   -
      x: 1.3573989868164062e+02
      y: 4.5428259277343750e+02
      z: 1.0530955791473389e+00
   -
      x: 1.4821653747558594e+02
      y: 4.0724603271484375e+02
      z: 9.6813738346099854e-01
   -
      x: 1.5923222351074219e+02
      y: 3.7242449951171875e+02
      z: 9.1149860620498657e-01
   -
      x: 1.7282205200195312e+02
      y: 3.4837243652343750e+02
      z: 8.8317948579788208e-01
   -
      x: 1.7703988647460938e+02
      y: 3.2941085815429688e+02
      z: 8.2654070854187012e-01
   -
      x: 1.8556871032714844e+02
      y: 3.1576068115234375e+02
      z: 7.4158251285552979e-01
   -
      x: 1.9258258056640625e+02
      y: 3.2162036132812500e+02
      z: 5.9998589754104614e-01
   -
      x: 1.9934365844726562e+02
      y: 3.2832467651367188e+02
      z: 5.1502799987792969e-01
   -
      x: 2.0444087219238281e+02
      y: 3.5341955566406250e+02
      z: 3.7343135476112366e-01
   -
      x: 2.0947399902343750e+02
      y: 3.6642578125000000e+02
      z: 2.3183456063270569e-01
   -
      x: 2.1164521789550781e+02
      y: 3.7760171508789062e+02
      z: 9.0237900614738464e-02
   -
      x: 2.0448684692382812e+02
      y: 3.6778237915039062e+02
      z: 6.1918664723634720e-02
   -
      x: 2.0173350524902344e+02
      y: 3.6079174804687500e+02
      z: 9.0237900614738464e-02
