%YAML:1.0
thr_nn: 6.4999997615814209e-01
thr_nn_valid: 6.9999998807907104e-01
pExSize: 7
nExSize: 9
rows: 15
cols: 15
pEx0:
   - 2.3431106567382812e+01
   - 4.1431106567382812e+01
   - 2.7431106567382812e+01
   - 2.4431106567382812e+01
   - 4.3431106567382812e+01
   - 5.9431106567382812e+01
   - 4.0431106567382812e+01
   - 3.7431106567382812e+01
   - 1.3431106567382812e+01
   - 5.3431106567382812e+01
   - 3.9431106567382812e+01
   - 4.5431106567382812e+01
   - 7.4311065673828125e+00
   - -3.7568893432617188e+01
   - 1.4311065673828125e+00
   - 6.4431106567382812e+01
   - 4.2431106567382812e+01
   - 3.3431106567382812e+01
   - 7.6431106567382812e+01
   - 6.3431106567382812e+01
   - 4.7431106567382812e+01
   - 6.6431106567382812e+01
   - 5.2431106567382812e+01
   - 3.6431106567382812e+01
   - 5.4431106567382812e+01
   - -5.6889343261718750e-01
   - 5.3431106567382812e+01
   - 3.9431106567382812e+01
   - -1.5688934326171875e+00
   - -1.8568893432617188e+01
   - 5.9431106567382812e+01
   - -4.0568893432617188e+01
   - 1.8431106567382812e+01
   - 5.4311065673828125e+00
   - 4.1431106567382812e+01
   - 3.2431106567382812e+01
   - 6.4431106567382812e+01
   - 5.2431106567382812e+01
   - -1.8568893432617188e+01
   - -2.2568893432617188e+01
   - 2.6431106567382812e+01
   - 2.5431106567382812e+01
   - -5.3568893432617188e+01
   - -1.5688934326171875e+00
   - -7.0568893432617188e+01
   - 3.0431106567382812e+01
   - -1.4568893432617188e+01
   - 5.0431106567382812e+01
   - -1.1568893432617188e+01
   - 2.7431106567382812e+01
   - 4.3431106567382812e+01
   - 5.9431106567382812e+01
   - 5.2431106567382812e+01
   - 3.8431106567382812e+01
   - -6.0568893432617188e+01
   - -5.7568893432617188e+01
   - -4.9568893432617188e+01
   - -9.6568893432617188e+01
   - -1.7568893432617188e+01
   - -6.8568893432617188e+01
   - 3.7431106567382812e+01
   - 1.4311065673828125e+00
   - 4.9431106567382812e+01
   - 3.8431106567382812e+01
   - 4.4311065673828125e+00
   - 5.9431106567382812e+01
   - 5.5431106567382812e+01
   - 6.1431106567382812e+01
   - 4.4431106567382812e+01
   - -1.4568893432617188e+01
   - -3.0568893432617188e+01
   - -4.0568893432617188e+01
   - -7.5568893432617188e+01
   - 5.4311065673828125e+00
   - -5.8568893432617188e+01
   - 4.6431106567382812e+01
   - 4.3110656738281250e-01
   - -4.5568893432617188e+01
   - -3.3568893432617188e+01
   - 6.1431106567382812e+01
   - 6.1431106567382812e+01
   - 5.6431106567382812e+01
   - 5.3431106567382812e+01
   - 5.4431106567382812e+01
   - 2.5431106567382812e+01
   - -1.6568893432617188e+01
   - -7.0568893432617188e+01
   - -5.5688934326171875e+00
   - 2.2431106567382812e+01
   - -4.3568893432617188e+01
   - 2.8431106567382812e+01
   - -2.5688934326171875e+00
   - -4.3568893432617188e+01
   - -2.5568893432617188e+01
   - 5.4431106567382812e+01
   - 5.0431106567382812e+01
   - 5.5431106567382812e+01
   - 5.7431106567382812e+01
   - 5.2431106567382812e+01
   - 5.2431106567382812e+01
   - 4.7431106567382812e+01
   - -1.8568893432617188e+01
   - -2.5688934326171875e+00
   - -5.6889343261718750e-01
   - -3.6568893432617188e+01
   - 3.1431106567382812e+01
   - 1.7431106567382812e+01
   - -2.8568893432617188e+01
   - -3.9568893432617188e+01
   - -6.7568893432617188e+01
   - 3.8431106567382812e+01
   - 5.2431106567382812e+01
   - 5.8431106567382812e+01
   - 4.6431106567382812e+01
   - 5.5431106567382812e+01
   - 4.2431106567382812e+01
   - 3.8431106567382812e+01
   - -2.8568893432617188e+01
   - -4.4568893432617188e+01
   - -3.4568893432617188e+01
   - 2.9431106567382812e+01
   - 3.7431106567382812e+01
   - 3.9431106567382812e+01
   - 1.6431106567382812e+01
   - -8.9568893432617188e+01
   - -6.2568893432617188e+01
   - 4.4431106567382812e+01
   - 5.2431106567382812e+01
   - 5.3431106567382812e+01
   - 5.0431106567382812e+01
   - 5.1431106567382812e+01
   - 3.5431106567382812e+01
   - 3.4431106567382812e+01
   - 9.4311065673828125e+00
   - -4.1568893432617188e+01
   - 3.3431106567382812e+01
   - 1.7431106567382812e+01
   - -5.6568893432617188e+01
   - 2.3431106567382812e+01
   - -8.8568893432617188e+01
   - -9.1568893432617188e+01
   - -2.6568893432617188e+01
   - 3.3431106567382812e+01
   - 4.9431106567382812e+01
   - 5.0431106567382812e+01
   - 4.5431106567382812e+01
   - 4.9431106567382812e+01
   - -3.0568893432617188e+01
   - 4.4311065673828125e+00
   - -5.6568893432617188e+01
   - 2.4431106567382812e+01
   - 1.2431106567382812e+01
   - -7.7568893432617188e+01
   - -3.2568893432617188e+01
   - -5.0568893432617188e+01
   - -9.6568893432617188e+01
   - -4.5568893432617188e+01
   - 1.5431106567382812e+01
   - 3.0431106567382812e+01
   - 4.7431106567382812e+01
   - 4.7431106567382812e+01
   - 1.2431106567382812e+01
   - -5.8568893432617188e+01
   - -3.5688934326171875e+00
   - -8.7568893432617188e+01
   - 1.7431106567382812e+01
   - -5.6889343261718750e-01
   - -1.3568893432617188e+01
   - 1.8431106567382812e+01
   - 4.3110656738281250e-01
   - -8.2568893432617188e+01
   - -7.3568893432617188e+01
   - -4.9568893432617188e+01
   - 9.4311065673828125e+00
   - 3.3431106567382812e+01
   - 3.3431106567382812e+01
   - -3.1568893432617188e+01
   - -7.5688934326171875e+00
   - -8.5688934326171875e+00
   - -1.1656889343261719e+02
   - 4.2431106567382812e+01
   - -3.6568893432617188e+01
   - 1.3431106567382812e+01
   - -3.5568893432617188e+01
   - -3.9568893432617188e+01
   - -8.5688934326171875e+00
   - -6.1568893432617188e+01
   - -7.5568893432617188e+01
   - -5.5568893432617188e+01
   - 2.6431106567382812e+01
   - -5.7568893432617188e+01
   - -6.2568893432617188e+01
   - 4.4311065673828125e+00
   - -4.1568893432617188e+01
   - -1.1356889343261719e+02
   - 3.6431106567382812e+01
   - -6.5568893432617188e+01
   - -7.5688934326171875e+00
   - -3.3568893432617188e+01
   - 1.0431106567382812e+01
   - -2.6568893432617188e+01
   - -4.5688934326171875e+00
   - -2.2568893432617188e+01
   - -6.5688934326171875e+00
   - -5.5568893432617188e+01
   - -2.5688934326171875e+00
   - -3.4568893432617188e+01
   - -8.5688934326171875e+00
   - -1.1556889343261719e+02
   - -1.0256889343261719e+02
   - 2.2431106567382812e+01
   - -7.9568893432617188e+01
   - -5.5568893432617188e+01
   - -1.0568893432617188e+01
   - 2.8431106567382812e+01
   - -3.7568893432617188e+01
   - 1.5431106567382812e+01
   - -4.8568893432617188e+01
   - -3.0568893432617188e+01
   - -4.4568893432617188e+01
   - 1.8431106567382812e+01
   - -1.0568893432617188e+01
   - -7.8568893432617188e+01
   - -1.1556889343261719e+02
   - -9.8568893432617188e+01
