%YAML:1.0
box:
   x: 117
   y: 61
   width: 106
   height: 52
imgSize:
   width: 320
   height: 240
var: 5.8682183837890625e+02
