%YAML:1.0
thr_nn: 6.4999997615814209e-01
thr_nn_valid: 6.9999998807907104e-01
pExSize: 7
nExSize: 7
rows: 15
cols: 15
pEx0:
   - 1.4888885498046875e+01
   - 1.4888885498046875e+01
   - 1.4888885498046875e+01
   - 1.1888885498046875e+01
   - 1.1888885498046875e+01
   - 1.3888885498046875e+01
   - 1.4888885498046875e+01
   - 1.2888885498046875e+01
   - 8.8888854980468750e+00
   - 9.8888854980468750e+00
   - 8.8888854980468750e+00
   - 5.8888854980468750e+00
   - 4.8888854980468750e+00
   - 3.8888854980468750e+00
   - 4.8888885498046875e+01
   - 1.1888885498046875e+01
   - 1.0888885498046875e+01
   - 1.0888885498046875e+01
   - 9.8888854980468750e+00
   - 6.8888854980468750e+00
   - -1.0211111450195312e+02
   - -1.3511111450195312e+02
   - -1.3611111450195312e+02
   - -7.2111114501953125e+01
   - 2.8888854980468750e+00
   - 3.8888854980468750e+00
   - 2.8888854980468750e+00
   - 1.8888854980468750e+00
   - 3.8888854980468750e+00
   - 4.6888885498046875e+01
   - 1.0888885498046875e+01
   - 1.0888885498046875e+01
   - 9.8888854980468750e+00
   - 8.8888854980468750e+00
   - -1.6111114501953125e+01
   - -1.3611111450195312e+02
   - -1.2111111450195312e+02
   - -1.2411111450195312e+02
   - -1.2111111450195312e+02
   - -1.1111114501953125e+01
   - 8.8888549804687500e-01
   - 1.8888854980468750e+00
   - 1.8888854980468750e+00
   - 1.8888854980468750e+00
   - 4.5888885498046875e+01
   - 9.8888854980468750e+00
   - 8.8888854980468750e+00
   - 5.8888854980468750e+00
   - 5.8888854980468750e+00
   - 8.8888549804687500e-01
   - -5.1111145019531250e+00
   - -8.8111114501953125e+01
   - -7.0111114501953125e+01
   - -4.1111145019531250e+00
   - -3.1111145019531250e+00
   - 2.8888854980468750e+00
   - 8.8888549804687500e-01
   - 1.8888854980468750e+00
   - -1.1111450195312500e-01
   - 4.6888885498046875e+01
   - 9.8888854980468750e+00
   - 6.8888854980468750e+00
   - 5.8888854980468750e+00
   - 4.8888854980468750e+00
   - 3.8888854980468750e+00
   - 1.8888854980468750e+00
   - -1.9111114501953125e+01
   - -1.5111114501953125e+01
   - -5.1111145019531250e+00
   - 2.8888854980468750e+00
   - 1.8888854980468750e+00
   - 8.8888549804687500e-01
   - 8.8888549804687500e-01
   - -1.1111450195312500e-01
   - 4.5888885498046875e+01
   - 6.8888854980468750e+00
   - 4.8888854980468750e+00
   - 3.8888854980468750e+00
   - 3.8888854980468750e+00
   - 3.8888854980468750e+00
   - -1.1111450195312500e-01
   - -7.4111114501953125e+01
   - -6.9111114501953125e+01
   - -6.1111145019531250e+00
   - -1.1111450195312500e-01
   - -1.1111450195312500e-01
   - -1.1111450195312500e-01
   - 8.8888549804687500e-01
   - -1.1111145019531250e+00
   - 4.4888885498046875e+01
   - 5.8888854980468750e+00
   - 4.8888854980468750e+00
   - 3.8888854980468750e+00
   - 2.8888854980468750e+00
   - 1.8888854980468750e+00
   - -1.1111450195312500e-01
   - 8.8888549804687500e-01
   - 1.8888854980468750e+00
   - 8.8888549804687500e-01
   - -1.1111450195312500e-01
   - -1.1111450195312500e-01
   - -1.1111145019531250e+00
   - -2.1111145019531250e+00
   - -3.1111145019531250e+00
   - 4.4888885498046875e+01
   - 3.8888854980468750e+00
   - 2.8888854980468750e+00
   - 1.8888854980468750e+00
   - 8.8888549804687500e-01
   - -1.1111450195312500e-01
   - -1.1111450195312500e-01
   - -1.1111450195312500e-01
   - -1.1111450195312500e-01
   - -1.1111450195312500e-01
   - -2.1111145019531250e+00
   - -1.1111145019531250e+00
   - -1.1111145019531250e+00
   - -2.1111145019531250e+00
   - -3.1111145019531250e+00
   - 4.4888885498046875e+01
   - 3.8888854980468750e+00
   - 1.8888854980468750e+00
   - 8.8888549804687500e-01
   - -1.1111145019531250e+00
   - -3.1111145019531250e+00
   - -2.1111145019531250e+00
   - -2.1111145019531250e+00
   - -2.1111145019531250e+00
   - -2.1111145019531250e+00
   - -1.1111145019531250e+00
   - -2.1111145019531250e+00
   - -3.1111145019531250e+00
   - -3.1111145019531250e+00
   - -4.1111145019531250e+00
   - 4.3888885498046875e+01
   - 3.8888854980468750e+00
   - 1.8888854980468750e+00
   - -1.1111450195312500e-01
   - -2.1111145019531250e+00
   - -3.1111145019531250e+00
   - -1.1111145019531250e+00
   - -1.1111145019531250e+00
   - -2.1111145019531250e+00
   - -2.1111145019531250e+00
   - -3.1111145019531250e+00
   - -2.1111145019531250e+00
   - -3.1111145019531250e+00
   - -3.1111145019531250e+00
   - -3.1111145019531250e+00
   - 4.3888885498046875e+01
   - 3.8888854980468750e+00
   - 3.8888854980468750e+00
   - 1.8888854980468750e+00
   - 8.8888549804687500e-01
   - -1.1111145019531250e+00
   - -1.1111145019531250e+00
   - -1.1111145019531250e+00
   - -1.1111145019531250e+00
   - -1.1111145019531250e+00
   - -1.1111145019531250e+00
   - -2.1111145019531250e+00
   - -3.1111145019531250e+00
   - -3.1111145019531250e+00
   - -4.1111145019531250e+00
   - 4.3888885498046875e+01
   - 9.8888854980468750e+00
   - 7.8888854980468750e+00
   - 6.8888854980468750e+00
   - 4.8888854980468750e+00
   - 2.8888854980468750e+00
   - 3.8888854980468750e+00
   - 1.8888854980468750e+00
   - 3.8888854980468750e+00
   - 8.8888549804687500e-01
   - -1.1111145019531250e+00
   - 8.8888549804687500e-01
   - 8.8888549804687500e-01
   - -3.1111145019531250e+00
   - -4.1111145019531250e+00
   - 4.3888885498046875e+01
   - 1.2888885498046875e+01
   - 1.1888885498046875e+01
   - 9.8888854980468750e+00
   - 7.8888854980468750e+00
   - 7.8888854980468750e+00
   - 5.8888854980468750e+00
   - 4.8888854980468750e+00
   - 1.8888854980468750e+00
   - -1.1111450195312500e-01
   - -1.1111450195312500e-01
   - 1.8888854980468750e+00
   - -1.1111450195312500e-01
   - -2.1111145019531250e+00
   - -4.1111145019531250e+00
   - 4.3888885498046875e+01
   - 9.8888854980468750e+00
   - 1.0888885498046875e+01
   - 7.8888854980468750e+00
   - 9.8888854980468750e+00
   - 7.8888854980468750e+00
   - 3.8888854980468750e+00
   - 1.8888854980468750e+00
   - 3.8888854980468750e+00
   - 4.8888854980468750e+00
   - 3.8888854980468750e+00
   - 8.8888549804687500e-01
   - 3.8888854980468750e+00
   - 4.8888854980468750e+00
   - 3.8888854980468750e+00
   - 4.7888885498046875e+01
   - 8.8888854980468750e+00
   - 1.1888885498046875e+01
   - 1.2888885498046875e+01
   - 1.5888885498046875e+01
   - 1.7888885498046875e+01
   - 1.8888885498046875e+01
   - 1.8888885498046875e+01
   - 9.8888854980468750e+00
   - 4.8888854980468750e+00
   - 4.8888854980468750e+00
   - 5.8888854980468750e+00
   - 4.8888854980468750e+00
   - 5.8888854980468750e+00
   - 2.8888854980468750e+00
   - 4.7888885498046875e+01
