%YAML:1.0
thr_nn: 6.4999997615814209e-01
thr_nn_valid: 6.9999998807907104e-01
pExSize: 2
nExSize: 5
rows: 15
cols: 15
pEx0:
   - -5.4528892517089844e+01
   - 3.7471107482910156e+01
   - 3.5471107482910156e+01
   - 3.6471107482910156e+01
   - 3.6471107482910156e+01
   - 3.8471107482910156e+01
   - 4.1471107482910156e+01
   - 4.4471107482910156e+01
   - 4.9471107482910156e+01
   - 5.2471107482910156e+01
   - 5.5471107482910156e+01
   - 5.0471107482910156e+01
   - 4.6471107482910156e+01
   - 4.4471107482910156e+01
   - 3.7471107482910156e+01
   - -5.1528892517089844e+01
   - -5.1528892517089844e+01
   - -4.9528892517089844e+01
   - -4.8528892517089844e+01
   - -4.3528892517089844e+01
   - -3.8528892517089844e+01
   - -2.8528892517089844e+01
   - -1.9528892517089844e+01
   - -1.1528892517089844e+01
   - -7.5288925170898438e+00
   - 2.4711074829101562e+00
   - -7.5288925170898438e+00
   - -3.1528892517089844e+01
   - -3.9528892517089844e+01
   - -4.0528892517089844e+01
   - -4.8528892517089844e+01
   - -4.7528892517089844e+01
   - -4.4528892517089844e+01
   - -3.9528892517089844e+01
   - -3.7528892517089844e+01
   - -2.6528892517089844e+01
   - -1.7528892517089844e+01
   - -5.5288925170898438e+00
   - 1.4711074829101562e+00
   - 1.1471107482910156e+01
   - 1.1471107482910156e+01
   - 9.4711074829101562e+00
   - -6.5288925170898438e+00
   - -3.4528892517089844e+01
   - -3.7528892517089844e+01
   - -4.8528892517089844e+01
   - -4.5528892517089844e+01
   - -4.1528892517089844e+01
   - -3.8528892517089844e+01
   - -3.0528892517089844e+01
   - -1.3528892517089844e+01
   - -1.0528892517089844e+01
   - -5.5288925170898438e+00
   - 3.4711074829101562e+00
   - 9.4711074829101562e+00
   - 1.3471107482910156e+01
   - 5.4711074829101562e+00
   - -2.5288925170898438e+00
   - -1.0528892517089844e+01
   - -2.3528892517089844e+01
   - -4.6528892517089844e+01
   - -4.6528892517089844e+01
   - -4.4528892517089844e+01
   - -3.8528892517089844e+01
   - -1.9528892517089844e+01
   - -3.5288925170898438e+00
   - -5.5288925170898438e+00
   - -6.5288925170898438e+00
   - -5.5288925170898438e+00
   - -6.5288925170898438e+00
   - -4.5288925170898438e+00
   - -5.2889251708984375e-01
   - 4.7110748291015625e-01
   - 4.7110748291015625e-01
   - -1.5528892517089844e+01
   - -4.6528892517089844e+01
   - -4.3528892517089844e+01
   - -4.1528892517089844e+01
   - -2.2528892517089844e+01
   - 4.7110748291015625e-01
   - 7.4711074829101562e+00
   - 4.4711074829101562e+00
   - 1.4711074829101562e+00
   - -5.2889251708984375e-01
   - -4.5288925170898438e+00
   - -8.5288925170898438e+00
   - -1.3528892517089844e+01
   - -7.5288925170898438e+00
   - 4.7110748291015625e-01
   - -6.5288925170898438e+00
   - -4.3528892517089844e+01
   - -4.1528892517089844e+01
   - -3.0528892517089844e+01
   - 5.4711074829101562e+00
   - 1.3471107482910156e+01
   - 1.4471107482910156e+01
   - 1.1471107482910156e+01
   - 1.5471107482910156e+01
   - 1.2471107482910156e+01
   - 5.4711074829101562e+00
   - 1.4711074829101562e+00
   - -4.5288925170898438e+00
   - 1.4711074829101562e+00
   - -4.5288925170898438e+00
   - -4.5288925170898438e+00
   - -4.8528892517089844e+01
   - -3.8528892517089844e+01
   - -1.1528892517089844e+01
   - 2.3471107482910156e+01
   - 2.6471107482910156e+01
   - 2.8471107482910156e+01
   - 2.5471107482910156e+01
   - 1.5471107482910156e+01
   - -3.4528892517089844e+01
   - -2.6528892517089844e+01
   - -1.7528892517089844e+01
   - -2.1528892517089844e+01
   - -2.0528892517089844e+01
   - -5.2889251708984375e-01
   - 2.4711074829101562e+00
   - -4.5528892517089844e+01
   - -3.0528892517089844e+01
   - -2.4528892517089844e+01
   - -1.9528892517089844e+01
   - 2.5471107482910156e+01
   - 3.4471107482910156e+01
   - 1.3471107482910156e+01
   - 1.4711074829101562e+00
   - 4.4711074829101562e+00
   - 5.4711074829101562e+00
   - -5.2889251708984375e-01
   - -5.2889251708984375e-01
   - 2.4711074829101562e+00
   - -5.5288925170898438e+00
   - 7.4711074829101562e+00
   - -3.8528892517089844e+01
   - 4.7110748291015625e-01
   - 3.4711074829101562e+00
   - 1.5471107482910156e+01
   - 8.4711074829101562e+00
   - 3.5471107482910156e+01
   - 3.9471107482910156e+01
   - 1.9471107482910156e+01
   - 6.4711074829101562e+00
   - -8.5288925170898438e+00
   - -5.2889251708984375e-01
   - 8.4711074829101562e+00
   - 1.2471107482910156e+01
   - 6.4711074829101562e+00
   - -5.5288925170898438e+00
   - 3.4711074829101562e+00
   - -3.5288925170898438e+00
   - -1.9528892517089844e+01
   - 1.7471107482910156e+01
   - 6.4711074829101562e+00
   - 1.4711074829101562e+00
   - -3.2528892517089844e+01
   - -5.5288925170898438e+00
   - -5.5288925170898438e+00
   - -1.5528892517089844e+01
   - -2.7528892517089844e+01
   - -1.3528892517089844e+01
   - 3.0471107482910156e+01
   - 3.0471107482910156e+01
   - 1.5471107482910156e+01
   - -7.5288925170898438e+00
   - -1.5528892517089844e+01
   - 2.9471107482910156e+01
   - -2.1528892517089844e+01
   - -2.0528892517089844e+01
   - 2.0471107482910156e+01
   - 4.4471107482910156e+01
   - 2.4471107482910156e+01
   - -2.6528892517089844e+01
   - -1.7528892517089844e+01
   - 6.1471107482910156e+01
   - 3.9471107482910156e+01
   - -2.0528892517089844e+01
   - -3.1528892517089844e+01
   - -4.5528892517089844e+01
   - 2.2471107482910156e+01
   - 9.4711074829101562e+00
   - 1.1471107482910156e+01
   - -4.0528892517089844e+01
   - -2.1528892517089844e+01
   - -5.5288925170898438e+00
   - 4.5471107482910156e+01
   - 2.0471107482910156e+01
   - 9.4711074829101562e+00
   - 3.4711074829101562e+00
   - 2.4471107482910156e+01
   - 4.0471107482910156e+01
   - -1.2528892517089844e+01
   - 1.9471107482910156e+01
   - 2.9471107482910156e+01
   - 3.4471107482910156e+01
   - 3.1471107482910156e+01
   - 3.3471107482910156e+01
   - -5.8528892517089844e+01
   - -9.5288925170898438e+00
   - -2.9528892517089844e+01
   - 4.2471107482910156e+01
   - 4.6471107482910156e+01
   - 5.0471107482910156e+01
   - 4.8471107482910156e+01
   - 5.8471107482910156e+01
   - 4.6471107482910156e+01
   - -3.5288925170898438e+00
   - 1.1471107482910156e+01
   - 2.0471107482910156e+01
   - 4.4471107482910156e+01
   - 3.1471107482910156e+01
   - 2.5471107482910156e+01
   - 2.4711074829101562e+00
   - 1.5471107482910156e+01
   - 6.4711074829101562e+00
   - 4.9471107482910156e+01
   - 5.9471107482910156e+01
   - 5.1471107482910156e+01
   - 4.7471107482910156e+01
   - 5.7471107482910156e+01
   - 4.8471107482910156e+01
   - -6.5288925170898438e+00
   - 2.3471107482910156e+01
   - 3.3471107482910156e+01
