%YAML:1.0
box:
   x: 129
   y: 63
   width: 30
   height: 45
imgSize:
   width: 320
   height: 240
var: 5.8670208740234375e+02
