%YAML:1.0
box:
   x: 208
   y: 56
   width: 70
   height: 63
imgSize:
   width: 320
   height: 240
var: 8.1813385009765625e+02
