%YAML:1.0
box:
   x: 128
   y: 33
   width: 45
   height: 56
imgSize:
   width: 320
   height: 240
var: 7.4718988037109375e+02
