%YAML:1.0
box:
   x: 196
   y: 63
   width: 71
   height: 45
imgSize:
   width: 320
   height: 240
var: 8.2212512207031250e+02
